# 1.Iter    2.Shift   3.Walkers   4.Cycle_energy   5.Av.Energy  6.Error  7.#Occ_dets  8.Ref_weight
0   0.1   10.0   -4.00029923077   n/a   n/a   1   10.0
5   0.1   10.8781616302   -4.00415123144   n/a   n/a   2   10.1004008008
10   0.1   13.4057521373   -4.02073225438   n/a   n/a   4   10.2018096337
15   0.1   12.6324499607   -4.01895193889   n/a   n/a   3   10.3042366194
20   0.1   12.6194533633   -4.0158867356   n/a   n/a   3   10.4076919802
25   0.1   12.6160881309   -4.01478155955   n/a   n/a   3   10.5121860411
30   0.1   11.8717306636   -4.01319972071   n/a   n/a   2   10.6177292308
35   0.1   12.635804249   -4.01238985585   n/a   n/a   3   10.7243320825
40   0.1   12.657775612   -4.01151976608   n/a   n/a   3   10.8320052354
45   0.1   11.937151718   -4.01028895939   n/a   n/a   2   10.9407594354
50   0.1   13.8150570755   -4.00898500131   n/a   n/a   4   11.0506055363
55   0.1   13.708642022   -4.00911135047   n/a   n/a   4   11.1615545008
60   0.1   13.6287771376   -4.00852672386   n/a   n/a   4   11.2736174018
65   0.1   13.6368054233   -4.00799718379   n/a   n/a   4   11.3868054233
70   0.1   13.7511298616   -4.0077801169   n/a   n/a   4   11.5011298616
75   0.1   13.8666021265   -4.00770575481   n/a   n/a   4   11.6166021265
80   0.1   13.9832337421   -4.00763213189   n/a   n/a   4   11.7332337421
85   0.1   14.1010363484   -4.00755924081   n/a   n/a   4   11.8510363484
90   0.1   14.2200217024   -4.00748707429   n/a   n/a   4   11.9700217024
95   0.1   13.5902016789   -4.00741562512   n/a   n/a   3   12.0902016789
100   0.1   12.9615882719   -4.00526093336   n/a   n/a   2   12.2115882719
105   0.1   13.0841935961   -4.00211675605   n/a   n/a   2   12.3341935961
110   0.1   13.714199804   -4.00328142196   n/a   n/a   2   12.4580298875
115   0.1   13.646576148   -4.00309397602   n/a   n/a   2   12.5831095052
120   0.1   13.6097700281   -4.00264172809   n/a   n/a   2   12.7094449323
125   0.1   13.5992591234   -4.00226266328   n/a   n/a   2   12.8370487772
130   0.1   13.7159337749   -4.00203383031   n/a   n/a   2   12.9659337749
135   0.1   13.8461127883   -4.00201101419   n/a   n/a   2   13.0961127883
140   0.1   13.9775988094   -4.00199399858   n/a   n/a   2   13.2275988094
145   0.1   14.1104049607   -4.00197715212   n/a   n/a   2   13.3604049607
150   0.1   14.2445444964   -4.00196047311   n/a   n/a   2   13.4945444964
155   0.1   14.3800308038   -4.0019439599   n/a   n/a   2   13.6300308038
160   0.1   14.5168774046   -4.00192761083   n/a   n/a   2   13.7668774046
165   0.1   14.6550979562   -4.00191142428   n/a   n/a   2   13.9050979562
170   0.1   14.7947062532   -4.00189539863   n/a   n/a   2   14.0447062532
175   0.1   14.9357162287   -4.00187953227   n/a   n/a   2   14.1857162287
180   0.1   15.0781419556   -4.00186382364   n/a   n/a   2   14.3281419556
185   0.1   15.2219976482   -4.00184827115   n/a   n/a   2   14.4719976482
190   0.1   15.3672976635   -4.00183287325   n/a   n/a   2   14.6172976635
195   0.1   15.5140565026   -4.00181762842   n/a   n/a   2   14.7640565026
200   0.1   15.6622888122   -4.00180253512   n/a   n/a   2   14.9122888122
205   0.1   16.2568925995   -4.00292253631   n/a   n/a   2   15.0620093861
210   0.1   16.2248148186   -4.00249803089   n/a   n/a   2   15.2132331665
215   0.1   16.2223747896   -4.00214221928   n/a   n/a   2   15.3659752458
220   0.1   16.2702508677   -4.00184414795   n/a   n/a   2   15.5202508677
225   0.1   16.4260754293   -4.00172928951   n/a   n/a   2   15.6760754293
230   0.1   16.583464482   -4.00171507433   n/a   n/a   2   15.833464482
235   0.1   16.7424337333   -4.00170100045   n/a   n/a   2   15.9924337333
240   0.1   16.9029990487   -4.00168706647   n/a   n/a   2   16.1529990487
245   0.1   17.0651764526   -4.0014454211   n/a   n/a   2   16.3151764526
250   0.1   17.2289821307   -4.0017767629   n/a   n/a   2   16.4789821307
255   0.1   17.394432431   -4.00176207582   n/a   n/a   2   16.644432431
260   0.1   17.5615438655   -4.00174753473   n/a   n/a   2   16.8115438655
265   0.1   17.7303331121   -4.00173313818   n/a   n/a   2   16.9803331121
270   0.1   18.3927462141   -4.00290641513   n/a   n/a   2   17.1508170164
275   0.1   18.3701803915   -4.00247570022   n/a   n/a   2   17.3230125927
280   0.1   18.3798862321   -4.00211614075   n/a   n/a   2   17.4969370263
285   0.1   18.4226076752   -4.00181598161   n/a   n/a   2   17.6726076752
290   0.1   18.6000420715   -4.0016632738   n/a   n/a   2   17.8500420715
295   0.1   18.7792579233   -4.00164971484   n/a   n/a   2   18.0292579233
300   0.1   18.9602731167   -4.00163629065   n/a   n/a   2   18.2102731167
305   0.1   19.143105717   -4.0016229999   n/a   n/a   2   18.393105717
310   0.1   19.3277739713   -4.00160984127   n/a   n/a   2   18.5777739713
315   0.1   19.5142963097   -4.00159681343   n/a   n/a   2   18.7642963097
320   0.1   19.7026913473   -4.0015839151   n/a   n/a   2   18.9526913473
325   0.1   19.8929778862   -4.00157114498   n/a   n/a   2   19.1429778862
330   0.1   20.0851749171   -4.0015585018   n/a   n/a   2   19.3351749171
335   0.1   20.2793016217   -4.00154598429   n/a   n/a   2   19.5293016217
340   0.1   19.7253773738   -4.00153359121   n/a   n/a   1   19.7253773738
345   0.1   20.9051197168   -4.0025531778   n/a   n/a   2   19.9234217423
350   0.1   20.9398615766   -4.00262962533   n/a   n/a   2   20.123454492
355   0.1   21.0754955866   -4.00225065171   n/a   n/a   2   20.3254955866
360   0.1   22.1262834578   -4.00476682552   n/a   n/a   2   20.52956519
365   0.1   22.0635585749   -4.0039776738   n/a   n/a   2   20.7356836685
370   0.1   22.0481689525   -4.00332791709   n/a   n/a   2   20.9438715931
375   0.1   22.0725138522   -4.0027929328   n/a   n/a   2   21.154149741
380   0.1   22.1302759972   -4.00235244762   n/a   n/a   2   21.3665390985
385   0.1   23.2409487925   -4.00413083041   n/a   n/a   2   21.581060862
390   0.1   23.1781449797   -4.00393688545   n/a   n/a   2   21.7977364413
395   0.1   23.164573236   -4.00329433355   n/a   n/a   2   22.0165874607
400   0.1   23.1923323634   -4.00276528142   n/a   n/a   2   22.2376357619
405   0.1   23.2548554046   -4.00232968056   n/a   n/a   2   22.4609034058
410   0.1   22.6864126746   -4.00202382012   n/a   n/a   1   22.6864126746
415   0.1   24.874052883   -4.003998702   n/a   n/a   3   22.9141860746
420   0.1   24.846974837   -4.00433444734   n/a   n/a   3   23.1442463378
425   0.1   24.8766164244   -4.00377017062   n/a   n/a   3   23.3766164244
430   0.1   25.1113195253   -4.00349918101   n/a   n/a   3   23.6113195253
435   0.1   25.3483790641   -4.00346737261   n/a   n/a   3   23.8483790641
440   0.1   25.5878186997   -4.0034358804   n/a   n/a   3   24.0878186997
445   0.1   25.8296623284   -4.00340470122   n/a   n/a   3   24.3296623284
450   0.1   26.0739340865   -4.00337383198   n/a   n/a   3   24.5739340865
455   0.1   27.1698225326   -4.0053550687   n/a   n/a   3   24.8206583526
460   0.1   27.2092105022   -4.0048457772   n/a   n/a   3   25.0698597501
465   0.1   26.5286284006   -4.00380897427   n/a   n/a   2   25.3215631496
470   0.1   28.380747   -4.00490510856   n/a   n/a   3   25.5757936714
475   0.1   28.3679161724   -4.00507121228   n/a   n/a   3   25.832576688
480   0.1   27.6430373237   -4.0039484502   n/a   n/a   2   26.0919378266
485   0.1   27.7014952202   -4.00310387674   n/a   n/a   2   26.3539029718
490   0.1   27.7892838117   -4.00271168058   n/a   n/a   2   26.6184982681
495   0.1   29.1016522007   -4.00232015746   n/a   n/a   2   28.0844759808
500   0.1   29.2501671046   -4.00200796531   n/a   n/a   2   28.3664463687
505   0.1   29.419022631   -4.00176901925   n/a   n/a   2   28.6512477618
510   0.1   30.4389085837   -4.00150129962   n/a   n/a   3   28.9389085837
515   0.1   29.9794575433   -4.00193344361   n/a   n/a   2   29.2294575433
520   0.1   30.2729236377   -4.00105856304   n/a   n/a   2   29.5229236377
525   0.1   30.5693361553   -4.00105101507   n/a   n/a   2   29.8193361553
530   0.1   30.8687246782   -4.00104354212   n/a   n/a   2   30.1187246782
535   0.1   31.1711190859   -4.00103614346   n/a   n/a   2   30.4211190859
540   0.1   31.4765495576   -4.00102881834   n/a   n/a   2   30.7265495576
545   0.1   32.3573492957   -4.00126821398   n/a   n/a   2   31.0350465758
550   0.1   32.4660952444   -4.00148015408   n/a   n/a   2   31.3466409287
555   0.1   32.60908767   -4.00128905612   n/a   n/a   2   31.6613637138
560   0.1   33.4233795172   -4.00125291931   n/a   n/a   2   31.979246341
565   0.1   33.5229158548   -4.00155087882   n/a   n/a   2   32.3003205351
570   0.1   33.659660911   -4.00134833612   n/a   n/a   2   32.6246183399
575   0.1   33.8284335514   -4.00117856905   n/a   n/a   2   32.9521721206
580   0.1   34.0330145675   -4.00103627382   n/a   n/a   2   33.2830145675
585   0.1   34.3671786991   -4.00096608354   n/a   n/a   2   33.6171786991
590   0.1   34.7046978653   -4.00095945483   n/a   n/a   2   33.9546978653
595   0.1   35.045605751   -4.00095289202   n/a   n/a   2   34.295605751
600   0.1   35.3899363791   -4.00094639445   n/a   n/a   2   34.6399363791
605   0.1   35.7377241143   -4.00093996146   n/a   n/a   2   34.9877241143
610   0.1   36.0890036662   -4.00093359242   n/a   n/a   2   35.3390036662
615   0.1   35.693810093   -4.0008016755   n/a   n/a   1   35.693810093
620   0.1   36.8021788047   -4.00111731641   n/a   n/a   2   36.0521788047
625   0.1   37.9059900952   -4.00117764474   n/a   n/a   2   36.4141455669
630   0.1   38.0777512233   -4.00165359169   n/a   n/a   2   36.7797465045
635   0.1   38.2783691988   -4.00146590207   n/a   n/a   2   37.1490181047
640   0.1   38.5046083592   -4.00130422278   n/a   n/a   2   37.5219972214
645   0.1   38.75365862   -4.00116494929   n/a   n/a   2   37.8987210782
650   0.1   39.0292272728   -4.00104497655   n/a   n/a   2   38.2792272728
655   0.1   39.41355378   -4.00098349134   n/a   n/a   2   38.66355378
660   0.1   39.8017389561   -4.0009766896   n/a   n/a   2   39.0517389561
665   0.1   40.1938215425   -4.00096995547   n/a   n/a   2   39.4438215425
670   0.1   40.5898406695   -4.00096328828   n/a   n/a   2   39.8398406695
675   0.1   40.9898358602   -4.00095668736   n/a   n/a   2   40.2398358602
680   0.1   41.3938470346   -4.00095015206   n/a   n/a   2   40.6438470346
685   0.1   42.5519145136   -4.00094585428   n/a   n/a   3   41.0519145136
690   0.1   42.9640790228   -4.00113911611   n/a   n/a   3   41.4640790228
695   0.1   43.3803816966   -4.00113076741   n/a   n/a   3   41.8803816966
700   0.1   44.2502498093   -4.00163131233   n/a   n/a   3   42.3008640826
705   0.1   44.4207445429   -4.00138554932   n/a   n/a   3   42.7255681455
710   0.1   48.279781255   -4.00415514768   n/a   n/a   6   43.1545362711
715   0.1   48.5190324777   -4.00594926653   n/a   n/a   6   43.5878112711
720   0.1   49.5252461418   -4.00582544258   n/a   n/a   6   44.0254363868
725   0.1   50.9945699324   -4.00758544675   n/a   n/a   5   44.4674552936
730   0.1   51.928639209   -4.01007880521   n/a   n/a   5   44.9139121057
735   0.1   51.4633504148   -4.00850068245   n/a   n/a   5   45.36485138
740   0.1   52.5739146308   -4.00977791183   n/a   n/a   5   45.8203181207
745   0.1   52.3662545117   -4.00831275894   n/a   n/a   5   46.2803577839
750   0.1   51.2345581816   -4.0068448789   n/a   n/a   4   46.7450162822
755   0.1   51.2400720182   -4.00551457695   n/a   n/a   4   47.214339989
760   0.1   53.4833489845   -4.00696836685   n/a   n/a   4   48.6366983885
765   0.1   53.585340156   -4.00596908513   n/a   n/a   4   49.1250147352
770   0.1   55.1581352975   -4.00757239184   n/a   n/a   4   49.618233817
775   0.1   56.3003109415   -4.00878743358   n/a   n/a   4   50.116404858
780   0.1   55.9487669355   -4.007470228   n/a   n/a   4   50.6195775761
785   0.1   58.1090310833   -4.00710740343   n/a   n/a   4   51.1278021886
790   0.1   57.7646577504   -4.00746282988   n/a   n/a   4   51.6411294169
795   0.1   57.3061650376   -4.00626919523   n/a   n/a   4   52.1596104916
800   0.1   57.0096856221   -4.0052446068   n/a   n/a   4   52.6832971579
805   0.1   56.8885551439   -4.00439698477   n/a   n/a   4   53.2122416803
810   0.1   57.3658178379   -4.00379488642   n/a   n/a   4   53.746496848
815   0.1   58.4155569156   -4.00366297753   n/a   n/a   4   54.2861159803
820   0.1   58.3072959706   -4.00366802149   n/a   n/a   4   54.831152932
825   0.1   58.3087014079   -4.00308895587   n/a   n/a   4   55.3816620983
830   0.1   57.8505114038   -4.0022689262   n/a   n/a   3   55.9376984208
835   0.1   58.2163447084   -4.00145009522   n/a   n/a   3   56.4993173924
840   0.1   59.7897736876   -4.00192095676   n/a   n/a   3   57.0665750635
845   0.1   59.9351931907   -4.00200085135   n/a   n/a   3   57.639528047
850   0.1   60.2338253599   -4.00171181537   n/a   n/a   3   58.2182335244
855   0.1   60.6052502927   -4.00148850831   n/a   n/a   3   58.8027492511
860   0.1   61.0184224286   -4.00130529771   n/a   n/a   3   59.3931335625
865   0.1   61.4894453797   -4.00115418225   n/a   n/a   3   59.9894453797
870   0.1   62.0917442152   -4.0010912977   n/a   n/a   3   60.5917442152
875   0.1   63.9469378741   -4.00191671892   n/a   n/a   2   61.2000901793
880   0.1   68.0414367106   -4.00567836815   n/a   n/a   6   61.8145439857
885   0.1   68.8097253502   -4.00523455298   n/a   n/a   6   62.4351669574
890   0.1   71.5562724162   -4.00597174601   n/a   n/a   6   63.0620210334
895   0.1   72.9067345295   -4.00815775845   n/a   n/a   6   63.6951687746
900   0.1   73.1069173069   -4.00837921956   n/a   n/a   5   64.3346733698
905   0.1   94.6549646592   -4.01320470426   n/a   n/a   24   64.9805986424
910   0.1   111.861454932   -4.02853390673   n/a   n/a   34   65.6330090564
915   0.1   116.800932606   -4.03462122235   n/a   n/a   30   66.2919697232
920   0.1   117.258829944   -4.03692889139   n/a   n/a   29   67.8998327081
925   0.1   115.256360686   -4.03746969091   n/a   n/a   27   68.5815524659
930   0.1   111.028701625   -4.03180472662   n/a   n/a   27   69.2701167447
935   0.1   118.913184248   -4.03242913869   n/a   n/a   27   69.965594264
940   0.1   117.292337953   -4.0338921469   n/a   n/a   26   70.6680544332
945   0.1   118.069029898   -4.03555872928   n/a   n/a   25   71.3775673588
950   0.1   120.885095056   -4.03467128051   n/a   n/a   24   72.2366515948
955   0.1   123.633330321   -4.03521475413   n/a   n/a   24   73.6347775015
960   0.1   127.522574921   -4.03685961564   n/a   n/a   24   74.3740765643
965   0.1   130.433110929   -4.03666748723   n/a   n/a   24   75.1207982489
970   0.1   133.624925949   -4.03993488186   n/a   n/a   23   75.875017079
975   0.1   133.460887824   -4.03743820455   n/a   n/a   23   79.2119107463
980   0.1   136.819182476   -4.03578068686   n/a   n/a   23   80.0072046735
985   0.1   137.548409086   -4.04036878839   n/a   n/a   22   80.8104834154
990   0.1   136.855462181   -4.03547225426   n/a   n/a   22   83.574473323
995   0.1   133.450956131   -4.03308773532   n/a   n/a   21   84.4135677278
1000   0.1   139.201246562   -4.03381160351   n/a   n/a   21   85.4041048122
1005   0.1   135.155639702   -4.03366260306   n/a   n/a   21   86.2615688636
1010   0.1   139.734040001   -4.03591722897   n/a   n/a   19   87.1276419229
1015   0.1   148.496506587   -4.03761563291   n/a   n/a   26   88.002410425
1020   0.1   144.124122469   -4.03873984618   n/a   n/a   25   88.8859616729
1025   0.1   144.442474929   -4.03413456739   n/a   n/a   25   89.778383846
1030   0.1   148.793756704   -4.03424147763   n/a   n/a   24   90.6797660093
1035   0.1   148.89790386   -4.03535466126   n/a   n/a   23   91.5901981217
1040   0.1   150.214757498   -4.03456682048   n/a   n/a   23   92.5097710454
1045   0.1   148.908047342   -4.03199237385   n/a   n/a   23   93.4385765549
1050   0.1   154.540954167   -4.03414669195   n/a   n/a   22   95.1231346007
1055   0.1   155.562372566   -4.03611649387   n/a   n/a   21   96.0781784895
1060   0.1   172.100314304   -4.03448221787   n/a   n/a   37   97.0428110955
1065   0.1   186.258937121   -4.03807858781   n/a   n/a   51   98.2250195266
1070   0.1   194.902923743   -4.03911695579   n/a   n/a   48   99.2112065885
1075   0.1   190.806469435   -4.041589841   n/a   n/a   44   100.207295048
1080   0.1   195.788062947   -4.04034372013   n/a   n/a   44   103.214563881
1085   0.1   204.025746449   -4.04041471689   n/a   n/a   43   104.250846368
